12376400000000003179
12376400000000003181
12376400000000003184
12376400000000003185
12376400000000003186
12376400000000003188
12376400000000003189
12376400000000003190
12376400000000003191
12376400000000003192
12376400000000003193
12376400000000003194
12376400000000003196
12376400000000003197
12376400000000003198
12376400000000003199
12376400000000003201
12376400000000003203
12376400000000003204
12376400000000003205
12376400000000003206
12376400000000003209
12376400000000003210
12376400000000003211
12376400000000003212
12376400000000003213
12376400000000003214
12376400000000003215
12376400000000003217
12376400000000003218
12376400000000003219
12376400000000003220
12376400000000003221
12376400000000003222
12376400000000003223
12376400000000003225
12376400000000003226
12376400000000003227
12376400000000003228
12376400000000003229
12376400000000003230
12376400000000003231
12376400000000003232
12376400000000003233
12376400000000003235
12376400000000003236
12376400000000003237
12376400000000003238
12376400000000003239
12376400000000003240
12376400000000003241
12376400000000003242
12376400000000003243
12376400000000003245
12376400000000003246
12376400000000003247
12376400000000003248
12376400000000003249
12376400000000003250
12376400000000003251
12376400000000003253
12376400000000003254
12376400000000003255
12376400000000003256
12376400000000003257
12376400000000003258
12376400000000003259
12376400000000003261
12376400000000003262
12376400000000003263
12376400000000003265
12376400000000003267
12376400000000003268
12376400000000003269
12376400000000003273
12376400000000003274
12376400000000003275
12376400000000003277
12376400000000003279
12376400000000003281
12376400000000003282
12376400000000003283
12376400000000003289
12376400000000003291
12376400000000003293
12376400000000003297
12376400000000003299
12376400000000003300
12376400000000003301
12376400000000003302
12376400000000003304
12376400000000003305
12376400000000003306
12376400000000003307
12376400000000003308
12376400000000003310
12376400000000003312
12376400000000003313
12376400000000003314
12376400000000003315
12376400000000003316
12376400000000003317
12376400000000003318
12376400000000003321
12376400000000003322
12376400000000003323
12376400000000003324
12376400000000003325
12376400000000003326
12376400000000003329
12376400000000003331
12376400000000003332
12376400000000003333
12376400000000003338
12376400000000003339
12376400000000003341
12376400000000003342
12376400000000003346
12376400000000003347
12376400000000003349
12376400000000003350
12376400000000003354
12376400000000003355
12376400000000003356
12376400000000003357
12376400000000003358
12376400000000003359
12376400000000003361
12376400000000003365
12376400000000003366
12376400000000003367
12376400000000003369
12376400000000003371
12376400000000003372
12376400000000003374
12376400000000003376
12376400000000003378
12376400000000003379
12376400000000003380
12376400000000003382
12376400000000003384
12376400000000003386
12376400000000003387
12376400000000003389
12376400000000003390
12376400000000003393
12376400000000003394
12376400000000003395
12376400000000003396
12376400000000003398
12376400000000003402
12376400000000003403
12376400000000003404
12376400000000003405
12376400000000003407
12376400000000003409
12376400000000003410
12376400000000003411
12376400000000003414
12376400000000003417
12376400000000003418
12376400000000003419
12376400000000003422
12376400000000003423
12376400000000003424
12376400000000003425
12376400000000003427
12376400000000003428
12376400000000003429
12376400000000003431
12376400000000003432
12376400000000003433
12376400000000003434
12376400000000003435
12376400000000003438
12376400000000003441
12376400000000003443
12376400000000003444
12376400000000003445
12376400000000003446
12376400000000003448
12376400000000003449
12376400000000003450
12376400000000003451
12376400000000003452
12376400000000003453
12376400000000003454
12376400000000003457
12376400000000003458
12376400000000003459
12376400000000003460
12376400000000003461
12376400000000003462
12376400000000003463
12376400000000003464
12376400000000003465
12376400000000003466
12376400000000003467
12376400000000003468
12376400000000003469
12376400000000003470
12376400000000003471
12376400000000003472
12376400000000003473
12376400000000003474
12376400000000003475
12376400000000003476
12376400000000003477
12376400000000003478
12376400000000003479
12376400000000003480
12376400000000003481
12376400000000003482
12376400000000003483
12376400000000003484
12376400000000003485
12376400000000003486
12376400000000003487
12376400000000003488
12376400000000003489
12376400000000003490
12376400000000003491
12376400000000003492
12376400000000003493
12376400000000003494
12376400000000003495
12376400000000003496
12376400000000003497
12376400000000003498
12376400000000003499
12376400000000003500
12376400000000003501
12376400000000003502
12376400000000003503
12376400000000003504
12376400000000003505
12376400000000003506
12376400000000003507
12376400000000003508
12376400000000003509
12376400000000003510
12376400000000003511
12376400000000003512
12376400000000003513
12376400000000003514
12376400000000003515
12376400000000003516
12376400000000003517
12376400000000003518
12376400000000003519
12376400000000003520
12376400000000003521
12376400000000003522
12376400000000003523
12376400000000003524
12376400000000003525
12376400000000003526
12376400000000003528
12376400000000003529
12376400000000003530
12376400000000003531
12376400000000003532
12376400000000003533
12376400000000003534
12376400000000003535
12376400000000003536
12376400000000003537
12376400000000003538
12376400000000003539
12376400000000003540
12376400000000003541
12376400000000003542
12376400000000003543
12376400000000003544
12376400000000003545
12376400000000003546
12376400000000003547
12376400000000003548
12376400000000003549
12376400000000003550
12376400000000003551
12376400000000003552
12376400000000003553
12376400000000003554
12376400000000003555
12376400000000003556
12376400000000003557
12376400000000003558
12376400000000003559
12376400000000003560
12376400000000003561
12376400000000003562
12376400000000003563
12376400000000003564
12376400000000003565
12376400000000003566
12376400000000003567
12376400000000003568
12376400000000003569
12376400000000003570
12376400000000003571
12376400000000003572
12376400000000003573
12376400000000003574
12376400000000003575
12376400000000003576
12376400000000003577
12376400000000003578
12376400000000003579
12376400000000003580
12376400000000003581
12376400000000003582
12376400000000003583
12376400000000003584
12376400000000003585
12376400000000003586
12376400000000003587
12376400000000003588
12376400000000003589
12376400000000003590
12376400000000003591
12376400000000003592
12376400000000003593
12376400000000003594
12376400000000003595
12376400000000003596
12376400000000003597
12376400000000003598
12376400000000003599
12376400000000003600
12376400000000003601
12376400000000003602
12376400000000003603
12376400000000003604
12376400000000003605
12376400000000003606
12376400000000003607
12376400000000003608
12376400000000003609
12376400000000003610
12376400000000003611
12376400000000003612
12376400000000003613
12376400000000003614
12376400000000003615
12376400000000003616
12376400000000003617
12376400000000003618
12376400000000003619
12376400000000003620
12376400000000003621
12376400000000003622
12376400000000003623
12376400000000003624
12376400000000003625
12376400000000003626
12376400000000003627
12376400000000003628
12376400000000003629
12376400000000003630
12376400000000003631
12376400000000003632
12376400000000003633
12376400000000003634
12376400000000003635
12376400000000003636
12376400000000003637
12376400000000003638
12376400000000003639
12376400000000003640
12376400000000003641
12376400000000003642
12376400000000003643
12376400000000003644
12376400000000003645
12376400000000003646
12376400000000003648
12376400000000003649
12376400000000003650
12376400000000003651
12376400000000003652
12376400000000003653
12376400000000003654
12376400000000003655
12376400000000003656
12376400000000003657
12376400000000003658
12376400000000003659
12376400000000003660
12376400000000003661
12376400000000003662
12376400000000003663
12376400000000003664
12376400000000003665
12376400000000003666
12376400000000003667
12376400000000003668
12376400000000003669
12376400000000003670
12376400000000003671
12376400000000003672
12376400000000003673
12376400000000003674
12376400000000003675
12376400000000003676
12376400000000003677
12376400000000003678
12376400000000003679
12376400000000003680
12376400000000003681
12376400000000003682
12376400000000003683
12376400000000003684
12376400000000003685
12376400000000003686
12376400000000003688
12376400000000003689
12376400000000003690
12376400000000003691
12376400000000003692
12376400000000003693
12376400000000003694
12376400000000003695
12376400000000003696
12376400000000003697
12376400000000003698
12376400000000003699
12376400000000003700
12376400000000003701
12376400000000003702
12376400000000003703
12376400000000003704
12376400000000003705
12376400000000003706
12376400000000003707
12376400000000003708
12376400000000003709
12376400000000003710
12376400000000003711
12376400000000003712
12376400000000003713
12376400000000003714
12376400000000003715
12376400000000003716
12376400000000003718
12376400000000003719
12376400000000003720
12376400000000003721
12376400000000003722
12376400000000003723
12376400000000003724
12376400000000003725
12376400000000003726
12376400000000003728
12376400000000003729
12376400000000003730
12376400000000003731
12376400000000003732
12376400000000003733
12376400000000003734
12376400000000003735
12376400000000003736
12376400000000003737
12376400000000003738
12376400000000003739
12376400000000003740
12376400000000003741
12376400000000003742
12376400000000003743
12376400000000003744
12376400000000003745
12376400000000003746
12376400000000003747
12376400000000003748
12376400000000003749
12376400000000003750
12376400000000003751
12376400000000003752
12376400000000003753
12376400000000003754
12376400000000003755
12376400000000003756
12376400000000003757
12376400000000003758
12376400000000003759
12376400000000003761
12376400000000003762
12376400000000003763
12376400000000003764
12376400000000003765
12376400000000003766
12376400000000003767
12376400000000003768
12376400000000003769
12376400000000003770
12376400000000003771
12376400000000003772
12376400000000003773
12376400000000003774
12376400000000003775
